0.001486225
0.004458674
0.007431123
0.010403573
0.013376022
0.016348471
0.01932092
0.02229337
0.025265819
0.028238268
0.031210718
0.034183167
0.037155616
0.040128066
0.043100452
0.046072901
0.049045351
0.052017737
0.054990186
0.057962573
0.060935022
0.063907409
0.066879858
0.069852245
0.072824631
0.07579708
0.078769467
0.081741853
0.08471424
0.087686563
0.09065895
0.093631336
0.096603723
0.099576046
0.102548433
0.105520757
0.10849308
0.111465404
0.114437727
0.117410051
0.120382375
0.123354698
0.126326959
0.129299283
0.132271544
0.135243804
0.138216065
0.141188326
0.144160587
0.147132785
0.150105046
0.153077244
0.156049442
0.159021702
0.1619939
0.164966036
0.167938234
0.170910369
0.173882567
0.176854702
0.179826837
0.182798972
0.185771044
0.18874318
0.191715252
0.194687324
0.197659396
0.200631469
0.203603478
0.206575551
0.20954756
0.212519507
0.215491579
0.218463526
0.221435472
0.224407419
0.227379366
0.230351312
0.233323196
0.236295143
0.239267027
0.242238848
0.245210731
0.248182552
0.251154436
0.254126194
0.257098015
0.260069773
0.263041532
0.26601329
0.268985048
0.271956743
0.274928439
0.277900134
0.280871829
0.283843462
0.286815094
0.289786727
0.292758296
0.295729866
0.298701499
0.301673005
0.304644575
0.307616019
0.310587526
0.313559033
0.316530477
0.319501921
0.322473302
0.325444683
0.328416127
0.331387445
0.334358826
0.337330145
0.3403014
0.343272656
0.346243911
0.349215167
0.352186422
0.355157615
0.358128808
0.361099937
0.364071067
0.367042197
0.370013264
0.372984331
0.375955335
0.378926402
0.381897406
0.384868348
0.387839289
0.390810231
0.393781172
0.39675205
0.399722929
0.402693745
0.40566456
0.408635313
0.411606129
0.414576819
0.417547509
0.420518199
0.423488889
0.426459516
0.429430143
0.43240077
0.435371272
0.438341773
0.441312275
0.444282839
0.447253278
0.450223717
0.453194155
0.456164468
0.459134844
0.462105157
0.46507547
0.46804572
0.471015971
0.473986158
0.476956345
0.47992647
0.482896594
0.485866719
0.488836843
0.491806842
0.494776841
0.497746777
0.500716776
0.503686649
0.506656585
0.509626396
0.512596269
0.515566016
0.518535764
0.521505511
0.524475259
0.527444944
0.530414566
0.533384125
0.536353746
0.539323306
0.542292802
0.545262298
0.548231731
0.551201165
0.554170535
0.557139906
0.560109276
0.563078458
0.566047703
0.569016948
0.571986193
0.574955312
0.577924431
0.580893425
0.583862544
0.586831538
0.589800468
0.592769462
0.59573833
0.598707198
0.601676066
0.604644808
0.607613613
0.610582355
0.613551035
0.616519651
0.619488331
0.622456821
0.625425375
0.628393866
0.63136242
0.634330785
0.63729915
0.640267516
0.643235881
0.646204183
0.64917236
0.652140537
0.655108713
0.658076827
0.661044941
0.664012929
0.666980981
0.669948906
0.672916831
0.675884694
0.678852619
0.681820356
0.684788093
0.68775583
0.690723567
0.693691178
0.696658727
0.699626275
0.702593824
0.705561246
0.708528732
0.711496092
0.714463452
0.717430749
0.720397983
0.723365217
0.726332389
0.72929956
0.732266543
0.735233589
0.738200635
0.741167555
0.744134475
0.747101395
0.750068189
0.753034921
0.756001653
0.758968384
0.76193499
0.764901596
0.767868139
0.770834682
0.773801163
0.776767517
0.779733872
0.782700226
0.785666518
0.788632684
0.79159885
0.794565079
0.797531057
0.800497097
0.803463075
0.806429053
0.809394905
0.812360819
0.815326546
0.818292335
0.821258061
0.824223662
0.8271892
0.830154863
0.833120275
0.83608575
0.839051162
0.842016512
0.844981735
0.847947022
0.850912183
0.853877343
0.856842379
0.859807539
0.862772512
0.865737484
0.868702393
0.871667177
0.874631961
0.877596619
0.88056134
0.883525998
0.886490594
0.889455126
0.892419533
0.89538394
0.898348347
0.901312691
0.904276909
0.907241127
0.910205346
0.913169376
0.916133405
0.919097372
0.922061277
0.925025181
0.927989022
0.930952863
0.933916516
0.936880169
0.939843759
0.942807286
0.945770688
0.948734152
0.951697554
0.954660892
0.957624105
0.960587318
0.963550531
0.966513493
0.969476518
0.972439542
0.975402441
0.97836534
0.981328176
0.984290886
0.987253534
0.990216181
0.993178703
0.996141162
0.999103558
1.002066018
1.005028351
1.007990621
1.010952766
1.013914974
1.016877056
1.019839012
1.022800969
1.025762925
1.028724756
1.031686524
1.034648229
1.037609808
1.040571451
1.043532967
1.046494547
1.049455875
1.052417203
1.055378531
1.058339607
1.061300747
1.064261887
1.067222963
1.070183977
1.073144803
1.076105691
1.079066265
1.08202709
1.084987664
1.087948239
1.09090875
1.093869324
1.096829709
1.099789969
1.102750167
1.105710364
1.108670498
1.111630506
1.114590515
1.117550524
1.120510344
1.123470038
1.126429795
1.129389427
1.132348996
1.135308502
1.138267945
1.141227388
1.144186643
1.147145897
1.150105089
1.153064155
1.156023221
1.158982099
1.161941039
1.16489998
1.167858669
1.170817421
1.173775984
1.176734485
1.179693048
1.182651361
1.185609673
1.188568111
1.191526234
1.194484483
1.197442419
1.200400354
1.203358226
1.206316098
1.209273845
1.212231592
1.215189276
1.218146645
1.221104203
1.224061636
1.22701888
1.229976187
1.232933305
1.235890486
1.238847542
1.241804534
1.244761339
1.247718206
1.250674947
1.253631563
1.256588115
1.259544731
1.262501221
1.265457585
1.268413824
1.27137
1.27432605
1.277282163
1.280238151
1.283194138
1.286149937
1.289105736
1.292061346
1.295016956
1.297972441
1.300927863
1.303883222
1.306838644
1.30979394
1.312748922
1.315703967
1.318658886
1.321613868
1.324568599
1.327523393
1.330478186
1.33343254
1.336387145
1.339341624
1.342295915
1.345250143
1.348204308
1.351158537
1.354112576
1.35706649
1.360020278
1.362974067
1.365927792
1.368881329
1.371834866
1.374788403
1.377741814
1.380695037
1.383648259
1.386601294
1.389554391
1.392507299
1.395460208
1.398413054
1.401365711
1.404318305
1.407270837
1.410223369
1.413175712
1.416127929
1.419080147
1.422032301
1.424984456
1.427936296
1.4308882
1.433839852
1.436791504
1.439743218
1.442694682
1.445646208
1.44859742
1.451548821
1.454499907
1.457451057
1.460401955
1.463352853
1.466303688
1.469254523
1.47220517
1.475155753
1.478106212
1.481056607
1.484006877
1.486957021
1.489907102
1.492857183
1.495807201
1.498756968
1.501706798
1.504656439
1.507606018
1.510555471
1.513504924
1.516454251
1.519403452
1.522352654
1.525301604
1.528250554
1.531199442
1.534148203
1.537096777
1.540045475
1.542993986
1.54594237
1.548890692
1.551838889
1.554787022
1.557734904
1.560682849
1.563630857
1.56657855
1.569526181
1.572473749
1.575421128
1.578368508
1.581315824
1.584263015
1.587210017
1.590157208
1.593104022
1.596050836
1.598997462
1.601944087
1.604890712
1.607837149
1.610783586
1.613729646
1.616675895
1.619621954
1.622567826
1.625513697
1.62845938
1.631405063
1.634350558
1.637296052
1.640241358
1.643186664
1.646131781
1.649076899
1.652021828
1.654966757
1.65791156
1.660856112
1.663800664
1.666745216
1.669689579
1.672633754
1.675577992
1.678522167
1.681466154
1.684409952
1.68735375
1.690297422
1.693240843
1.696184264
1.699127685
1.70207098
1.705014024
1.707957068
1.710900175
1.713843219
1.716785886
1.719728616
1.722671094
1.725613384
1.728555926
1.731498027
1.734440192
1.737382105
1.740324018
1.743265994
1.74620753
1.749149317
1.752090664
1.755032075
1.757973422
1.760914833
1.763855803
1.766796837
1.769737807
1.772678464
1.77561912
1.778559714
1.781500181
1.784440398
1.787380677
1.790320894
1.793260796
1.796200887
1.799140538
1.802080252
1.805019966
1.807959617
1.810898954
1.813838291
1.816777439
1.819716337
1.822655297
1.825594256
1.828533028
1.831471548
1.834409942
1.837348525
1.840286731
1.843224937
1.846162892
1.849100909
1.852038738
1.854976756
1.857914396
1.860851848
1.8637893
1.866726564
1.869663827
1.872600651
1.875537726
1.878474612
1.88141131
1.88434782
1.887284329
1.890220839
1.89315716
1.896093292
1.899029236
1.901965431
1.904901375
1.907836942
1.910772698
1.913708076
1.916643455
1.919578645
1.922513835
1.925448836
1.928383901
1.931318525
1.934253338
1.937187774
1.94012221
1.943056709
1.945991145
1.948925204
1.951859075
1.954793008
1.95772669
1.960660372
1.963593929
1.966527422
1.969460539
1.972393718
1.975326835
1.978259763
1.981192565
1.984125305
1.987057919
1.989990281
1.992922832
1.995855069
1.998787243
2.001719103
2.004651089
2.00758276
2.010514369
2.013445852
2.016377272
2.019308567
2.022239672
2.025170716
2.028101633
2.031032299
2.033963028
2.036893569
2.039824235
2.042754398
2.04568475
2.048614662
2.051544637
2.054474424
2.057404147
2.060333745
2.063263155
2.066192376
2.069121534
2.072050755
2.074979599
2.077908443
2.080837098
2.083765691
2.086694347
2.089622625
2.092550904
2.095478994
2.098406895
2.101334797
2.104262321
2.107190034
2.11011737
2.113044706
2.115971854
2.118899001
2.12182596
2.124752731
2.127679502
2.130606084
2.133532666
2.136458871
2.139385076
2.142311092
2.145237109
2.148162749
2.151088577
2.15401409
2.156939542
2.159864804
2.162789878
2.165714952
2.168639901
2.171564598
2.174489106
2.177413615
2.180338186
2.183262507
2.186186638
2.189110644
2.192034399
2.194958153
2.197881782
2.20080516
2.203728538
2.20665179
2.20957479
2.212497665
2.215420477
2.218343164
2.221265787
2.224188223
2.227110532
2.230032653
2.232954711
2.235876644
2.238798325
2.24171988
2.244641373
2.24756274
2.250483919
2.253405034
2.256326024
2.259246763
2.262167376
2.265087989
2.268008414
2.270928775
2.273848823
2.27676887
2.279688667
2.282608337
2.285528008
2.28844749
2.291366783
2.294285825
2.297204931
2.300123847
2.303042575
2.305961115
2.308879654
2.311798005
2.314716168
2.317634519
2.320552493
2.323470279
2.326387876
2.329305284
2.332222693
2.335139913
2.338057133
2.340973976
2.343890819
2.346807474
2.34972394
2.352640406
2.355556684
2.358472773
2.361388737
2.364304826
2.367220538
2.370136062
2.373051397
2.375966606
2.378881753
2.381796711
2.384711732
2.387626313
2.390540894
2.393455287
2.396369554
2.39928357
2.402197648
2.405111475
2.408025114
2.410939004
2.413852266
2.41676559
2.419678663
2.4225918
2.425504496
2.428417255
2.431329763
2.434242145
2.437154464
2.440066469
2.442978411
2.445890228
2.448801856
2.451713421
2.454624861
2.4575363
2.4604473
2.463358174
2.466269048
2.469179734
2.472090168
2.475000476
2.477910785
2.480820717
2.483730585
2.486640329
2.489550072
2.492459438
2.495368804
2.498277982
2.501186971
2.50409596
2.507004698
2.50991331
2.512821733
2.515729969
2.518638015
2.521546062
2.524453732
2.527361401
2.530268945
2.533176426
2.536083531
2.538990635
2.54189755
2.544804278
2.547711005
2.550617544
2.553523768
2.55642993
2.559335903
2.562241688
2.565147472
2.568052943
2.570958351
2.57386357
2.576768663
2.579673506
2.582578348
2.585482876
2.588387341
2.591291681
2.594195958
2.597099857
2.60000382
2.602907531
2.605810928
2.608714262
2.61161766
2.614520617
2.617423448
2.620326217
2.62322886
2.626131315
2.629033518
2.631935596
2.634837674
2.6377395
2.6406412
2.643542713
2.646444162
2.649345297
2.652246244
2.65514719
2.658047886
2.660948267
2.663848837
2.666749029
2.669649033
2.672548975
2.675448602
2.678348229
2.681247668
2.684146918
2.687046168
2.68994523
2.692843915
2.695742599
2.698641096
2.701539403
2.704437522
2.707335453
2.710233195
2.713130938
2.716028303
2.718925731
2.721822908
2.724719896
2.727616696
2.730513307
2.73341017
2.736306404
2.739202638
2.742098684
2.744994604
2.747890273
2.750785753
2.753681108
2.756576211
2.759471314
2.762366292
2.76526083
2.76815543
2.77104978
2.773944003
2.776838164
2.779732136
2.782625983
2.785519453
2.78841286
2.791306141
2.794198982
2.797092075
2.799984728
2.802877255
2.805769594
2.808661869
2.811553831
2.814445793
2.817337566
2.820228899
2.823120484
2.82601188
2.8289029
2.831793667
2.83468431
2.837574952
2.840465217
2.843355482
2.846245559
2.849135259
2.852024959
2.85491447
2.857803793
2.860693115
2.863582061
2.866470818
2.869359764
2.872248145
2.875136525
2.878024717
2.880912531
2.883800346
2.886687972
2.889575473
2.892462722
2.895349783
2.898236844
2.901123591
2.904010086
2.906896581
2.9097827
2.912668881
2.915554999
2.918440741
2.921326168
2.924211532
2.927096771
2.929981758
2.93286662
2.935751419
2.938635903
2.941520137
