NumSolventTypes 10
MaxRecord 81
AtomType 0
0  0
0.1  0
0.2  0
0.3  0
0.4  0
0.5  0
0.6  0
0.7  0
0.8  0
0.9  0.00133
1  0.00146
1.1  0.000968421
1.2  0.00126078
1.3  0.00149219
1.4  0.00193633
1.5  0.00226582
1.6  0.00329923
1.7  0.00481194
1.8  0.00759595
1.9  0.0126988
2  0.0228459
2.1  0.0507518
2.2  0.11314
2.3  0.225409
2.4  0.360498
2.5  0.500102
2.6  0.598558
2.7  0.636574
2.8  0.630374
2.9  0.603622
3  0.566219
3.1  0.524565
3.2  0.476574
3.3  0.439228
3.4  0.40687
3.5  0.376462
3.6  0.3509
3.7  0.329191
3.8  0.312344
3.9  0.297076
4  0.285921
4.1  0.276189
4.2  0.269466
4.3  0.265026
4.4  0.264149
4.5  0.264004
4.6  0.266956
4.7  0.271739
4.8  0.279006
4.9  0.289336
5  0.301764
5.1  0.314865
5.2  0.328569
5.3  0.341381
5.4  0.352017
5.5  0.35942
5.6  0.364137
5.7  0.365845
5.8  0.365295
5.9  0.36343
6  0.360478
6.1  0.356279
6.2  0.352893
6.3  0.348209
6.4  0.344105
6.5  0.340638
6.6  0.337381
6.7  0.334236
6.8  0.331533
6.9  0.329398
7  0.327818
7.1  0.326802
7.2  0.325886
7.3  0.325259
7.4  0.325724
7.5  0.325911
7.6  0.326452
7.7  0.327091
7.8  0.328237
7.9  0.329527
8  0.330109

AtomType 1
0  0
0.1  0
0.2  0
0.3  0
0.4  0
0.5  0
0.6  0
0.7  0
0.8  0
0.9  0
1  0
1.1  0.00433143
1.2  0.0207678
1.3  0.0639469
1.4  0.227944
1.5  0.527327
1.6  1.14179
1.7  1.99861
1.8  2.48292
1.9  2.67489
2  2.32512
2.1  1.67533
2.2  1.10641
2.3  0.726523
2.4  0.546679
2.5  0.431231
2.6  0.334184
2.7  0.258721
2.8  0.197934
2.9  0.150454
3  0.117762
3.1  0.104233
3.2  0.100378
3.3  0.100532
3.4  0.114193
3.5  0.12939
3.6  0.154435
3.7  0.185918
3.8  0.226576
3.9  0.274836
4  0.317865
4.1  0.359471
4.2  0.397117
4.3  0.419922
4.4  0.434731
4.5  0.436132
4.6  0.424746
4.7  0.410064
4.8  0.39346
4.9  0.375311
5  0.362245
5.1  0.349757
5.2  0.34001
5.3  0.332891
5.4  0.32705
5.5  0.324672
5.6  0.32183
5.7  0.322233
5.8  0.321815
5.9  0.322205
6  0.323951
6.1  0.325203
6.2  0.327622
6.3  0.32792
6.4  0.329407
6.5  0.331531
6.6  0.331872
6.7  0.332677
6.8  0.332368
6.9  0.332506
7  0.331286
7.1  0.331238
7.2  0.330061
7.3  0.329888
7.4  0.331479
7.5  0.3316
7.6  0.331653
7.7  0.332472
7.8  0.332029
7.9  0.334546
8  0.335098

AtomType 2
0  0
0.1  0
0.2  0
0.3  0
0.4  0
0.5  0
0.6  0
0.7  0
0.8  0
0.9  0
1  0
1.1  0
1.2  0.00956111
1.3  0.0401196
1.4  0.217853
1.5  0.605173
1.6  1.27541
1.7  2.46837
1.8  3.07682
1.9  3.40204
2  2.58405
2.1  1.81075
2.2  1.21264
2.3  0.794603
2.4  0.56498
2.5  0.418896
2.6  0.327678
2.7  0.24988
2.8  0.198349
2.9  0.148137
3  0.109199
3.1  0.0872855
3.2  0.0894727
3.3  0.0793056
3.4  0.0862193
3.5  0.101518
3.6  0.116522
3.7  0.137003
3.8  0.176325
3.9  0.195222
4  0.241252
4.1  0.28916
4.2  0.334708
4.3  0.37133
4.4  0.407559
4.5  0.422764
4.6  0.421823
4.7  0.415201
4.8  0.398274
4.9  0.389729
5  0.382187
5.1  0.367038
5.2  0.356492
5.3  0.350883
5.4  0.342296
5.5  0.337723
5.6  0.337003
5.7  0.332625
5.8  0.330135
5.9  0.328724
6  0.32626
6.1  0.323448
6.2  0.327293
6.3  0.326725
6.4  0.325094
6.5  0.328673
6.6  0.327544
6.7  0.327263
6.8  0.327961
6.9  0.328826
7  0.326027
7.1  0.328267
7.2  0.327958
7.3  0.326972
7.4  0.330789
7.5  0.330293
7.6  0.333977
7.7  0.329644
7.8  0.332341
7.9  0.332166
8  0.335956

AtomType 3
0  0
0.1  0
0.2  0
0.3  0
0.4  0
0.5  0
0.6  0
0.7  0
0.8  0
0.9  0
1  0
1.1  0.00094
1.2  0.000915
1.3  0.00118187
1.4  0.00311318
1.5  0.0073877
1.6  0.0344344
1.7  0.123643
1.8  0.261312
1.9  0.496847
2  0.562703
2.1  0.716106
2.2  0.869245
2.3  0.728918
2.4  0.613882
2.5  0.603837
2.6  0.603456
2.7  0.413838
2.8  0.448008
2.9  0.353884
3  0.353233
3.1  0.315128
3.2  0.310745
3.3  0.28989
3.4  0.237069
3.5  0.257257
3.6  0.261574
3.7  0.244438
3.8  0.23835
3.9  0.228702
4  0.235055
4.1  0.250287
4.2  0.266339
4.3  0.264704
4.4  0.267482
4.5  0.298462
4.6  0.302262
4.7  0.320828
4.8  0.338038
4.9  0.358966
5  0.360494
5.1  0.364715
5.2  0.359532
5.3  0.366755
5.4  0.370075
5.5  0.369755
5.6  0.356765
5.7  0.358378
5.8  0.352461
5.9  0.3478
6  0.34118
6.1  0.342514
6.2  0.332861
6.3  0.324261
6.4  0.338853
6.5  0.339728
6.6  0.328808
6.7  0.328042
6.8  0.328907
6.9  0.322387
7  0.330572
7.1  0.334897
7.2  0.328005
7.3  0.320475
7.4  0.32711
7.5  0.325604
7.6  0.325791
7.7  0.336116
7.8  0.330687
7.9  0.335862
8  0.33615

AtomType 4
0  0
0.1  0
0.2  0
0.3  0
0.4  0
0.5  0
0.6  0
0.7  0
0.8  0
0.9  0
1  0
1.1  0
1.2  0
1.3  0
1.4  0
1.5  0.00135
1.6  0.00378664
1.7  0.00606694
1.8  0.00997805
1.9  0.0159872
2  0.0201901
2.1  0.0208676
2.2  0.0212991
2.3  0.0198429
2.4  0.0206133
2.5  0.0216683
2.6  0.0353562
2.7  0.0607484
2.8  0.119326
2.9  0.211935
3  0.314221
3.1  0.396074
3.2  0.493632
3.3  0.530673
3.4  0.549008
3.5  0.5458
3.6  0.531336
3.7  0.500838
3.8  0.478964
3.9  0.436701
4  0.403901
4.1  0.385202
4.2  0.368049
4.3  0.351826
4.4  0.332963
4.5  0.309249
4.6  0.30094
4.7  0.292136
4.8  0.283457
4.9  0.278229
5  0.274583
5.1  0.273405
5.2  0.274198
5.3  0.275653
5.4  0.282007
5.5  0.285694
5.6  0.293646
5.7  0.308036
5.8  0.320654
5.9  0.334801
6  0.342878
6.1  0.351667
6.2  0.359396
6.3  0.366976
6.4  0.365813
6.5  0.367154
6.6  0.36472
6.7  0.360845
6.8  0.360571
6.9  0.35328
7  0.351414
7.1  0.347111
7.2  0.340374
7.3  0.338668
7.4  0.332233
7.5  0.330651
7.6  0.330553
7.7  0.323875
7.8  0.324552
7.9  0.324788
8  0.323589

AtomType 5
0  0
0.1  0
0.2  0
0.3  0
0.4  0
0.5  0
0.6  0
0.7  0
0.8  0.00092
0.9  0.00184
1  0.02207
1.1  0.008275
1.2  0.00184
1.3  0.00125
1.4  0.00485245
1.5  0.0104656
1.6  0.0603816
1.7  0.0834555
1.8  0.0728042
1.9  0.0841187
2  0.0561554
2.1  0.0274043
2.2  0.0210167
2.3  0.0142541
2.4  0.0167266
2.5  0.0463746
2.6  0.127899
2.7  0.212422
2.8  0.324799
2.9  0.410985
3  0.469334
3.1  0.463949
3.2  0.46721
3.3  0.450283
3.4  0.434497
3.5  0.419362
3.6  0.392633
3.7  0.377028
3.8  0.3626
3.9  0.352028
4  0.345448
4.1  0.338217
4.2  0.335654
4.3  0.334165
4.4  0.336203
4.5  0.337949
4.6  0.337511
4.7  0.338506
4.8  0.335125
4.9  0.333767
5  0.329366
5.1  0.32555
5.2  0.321846
5.3  0.318811
5.4  0.318137
5.5  0.317676
5.6  0.31982
5.7  0.322619
5.8  0.326326
5.9  0.329479
6  0.332279
6.1  0.33518
6.2  0.33688
6.3  0.338457
6.4  0.339822
6.5  0.340136
6.6  0.340285
6.7  0.340212
6.8  0.339804
6.9  0.339219
7  0.339254
7.1  0.337708
7.2  0.336641
7.3  0.336164
7.4  0.334967
7.5  0.334446
7.6  0.333063
7.7  0.332614
7.8  0.33229
7.9  0.331325
8  0.331566

AtomType 6
0  0
0.1  0
0.2  0
0.3  0
0.4  0
0.5  0
0.6  0
0.7  0
0.8  0
0.9  0
1  0
1.1  0.000974412
1.2  0.00319456
1.3  0.0131095
1.4  0.0415854
1.5  0.0970887
1.6  0.15837
1.7  0.202097
1.8  0.216216
1.9  0.200503
2  0.160069
2.1  0.117895
2.2  0.0860091
2.3  0.131545
2.4  0.331945
2.5  0.670065
2.6  1.04085
2.7  1.21018
2.8  1.14623
2.9  0.92523
3  0.64832
3.1  0.458686
3.2  0.333123
3.3  0.267138
3.4  0.235368
3.5  0.224082
3.6  0.223076
3.7  0.232751
3.8  0.248416
3.9  0.266079
4  0.284137
4.1  0.299304
4.2  0.316433
4.3  0.32776
4.4  0.33737
4.5  0.344692
4.6  0.348922
4.7  0.352684
4.8  0.355212
4.9  0.354408
5  0.355415
5.1  0.352962
5.2  0.352199
5.3  0.347155
5.4  0.341194
5.5  0.334694
5.6  0.328663
5.7  0.32485
5.8  0.322239
5.9  0.321684
6  0.322803
6.1  0.326249
6.2  0.329244
6.3  0.333161
6.4  0.337207
6.5  0.340072
6.6  0.342149
6.7  0.343209
6.8  0.343859
6.9  0.343381
7  0.342773
7.1  0.340445
7.2  0.338863
7.3  0.336012
7.4  0.333903
7.5  0.3322
7.6  0.330739
7.7  0.328963
7.8  0.328047
7.9  0.327157
8  0.327279

AtomType 7
0  0
0.1  0
0.2  0
0.3  0
0.4  0
0.5  0
0.6  0
0.7  0
0.8  0
0.9  0
1  0
1.1  0
1.2  0
1.3  0
1.4  0
1.5  0
1.6  0
1.7  0.001092
1.8  0.00200455
1.9  0.00229561
2  0.00701055
2.1  0.00556965
2.2  0.0129434
2.3  0.021249
2.4  0.0316538
2.5  0.0296269
2.6  0.0376196
2.7  0.049352
2.8  0.0737784
2.9  0.149342
3  0.190633
3.1  0.326083
3.2  0.458757
3.3  0.511088
3.4  0.561219
3.5  0.613973
3.6  0.601667
3.7  0.544314
3.8  0.541273
3.9  0.506448
4  0.462433
4.1  0.399869
4.2  0.383887
4.3  0.364462
4.4  0.334251
4.5  0.30306
4.6  0.299265
4.7  0.286613
4.8  0.277485
4.9  0.262723
5  0.259773
5.1  0.269302
5.2  0.271138
5.3  0.264575
5.4  0.282203
5.5  0.280191
5.6  0.300395
5.7  0.307814
5.8  0.325232
5.9  0.342512
6  0.350356
6.1  0.361947
6.2  0.373875
6.3  0.376849
6.4  0.364477
6.5  0.364288
6.6  0.363998
6.7  0.35858
6.8  0.353953
6.9  0.348795
7  0.348734
7.1  0.334886
7.2  0.339036
7.3  0.336845
7.4  0.331002
7.5  0.33193
7.6  0.32323
7.7  0.329604
7.8  0.326413
7.9  0.328365
8  0.327531

AtomType 8

AtomType 9

